###################################################################### FIRST TASK ######################################################################
---------------------------------------------------------------------- DirectEulerMethod ----------------------------------------------------------------------
+-----------+------+---------------------------------------------+--------------------------------------------+
| iteration |  tk  |                      xK                     |                    xK+1                    |
+-----------+------+---------------------------------------------+--------------------------------------------+
|    100    | 1.0  |  [1.3915963585301723, -0.28871596661402743] | [1.388709198864032, -0.30263193019932916]  |
|    200    | 2.0  |  [0.5115319916023029, -1.3336160023384682]  | [0.4981958315789182, -1.3387313222544912]  |
|    300    | 3.0  |  [-0.8500181634290331, -1.1567925607479852] |  [-0.861586089036513, -1.148292379113695]  |
|    400    | 4.0  |  [-1.4398581205199932, 0.0906522877348032]  | [-1.4389515976426452, 0.10505086894000314] |
|    500    | 5.0  |  [-0.7052366160547444, 1.2668733241562784]  |  [-0.6925678828131816, 1.273925690316826]  |
|    600    | 6.0  |   [0.6883867503658294, 1.2843590070493391]  |  [0.7012303404363228, 1.277475139545681]   |
|    700    | 7.0  |  [1.4599652073639093, 0.11530814938252773]  | [1.4611182888577345, 0.10070849730888863]  |
|    800    | 8.0  |  [0.8903302201630698, -1.1720328211399706]  | [0.8786098919516702, -1.1809361233416014]  |
|    900    | 9.0  |  [-0.5076699506409224, -1.389385162489461]  | [-0.521563802265817, -1.3843084629830518]  |
|    1000   | 10.0 | [-1.4506465314020232, -0.32516828744562964] | [-1.4538982142764794, -0.3106618221316094] |
+-----------+------+---------------------------------------------+--------------------------------------------+
DirectEulerMethod error: 46.07769802920641
---------------------------------------------------------------------- ReverseEulerMethod ----------------------------------------------------------------------
+-----------+------+--------------------------------------------+---------------------------------------------+
| iteration |  tk  |                     xK                     |                     xK+1                    |
+-----------+------+--------------------------------------------+---------------------------------------------+
|    100    | 1.0  | [1.3778882072810874, -0.2858719219928194]  |  [1.374891998861273, -0.29962084198143213]  |
|    200    | 2.0  |   [0.5014536212404328, -1.3073406643093]   |  [0.48833138145919386, -1.3122239781238918] |
|    300    | 3.0  | [-0.8249800571544842, -1.1227181182010497] |  [-0.8361236259738973, -1.1143568819413108] |
|    400    | 4.0  | [-1.3835415830168603, 0.08710664466816664] |  [-1.3825322633438444, 0.10093196730160509] |
|    500    | 5.0  | [-0.6709105817711696, 1.2052107045929195]  |  [-0.6587925954656938, 1.2117986305475765]  |
|    600    | 6.0  |  [0.6483650016689586, 1.2096883464223367]  |   [0.6603958455486271, 1.2030843879668505]  |
|    700    | 7.0  | [1.3614034274634812, 0.10752373343696664]  |  [1.3623424305547953, 0.09390030913141868]  |
|    800    | 8.0  | [0.8219638553821946, -1.0820351758050326]  |  [0.8110623973844059, -1.0901457997788766]  |
|    900    | 9.0  | [-0.4640238852193975, -1.2699351229093097] | [-0.47667556889160145, -1.2651683672203937] |
|    1000   | 10.0 | [-1.3127370851142703, -0.2942553272577167] |  [-1.3155480835784896, -0.2810998464219318] |
+-----------+------+--------------------------------------------+---------------------------------------------+
ReverseEulerMethod error: 44.55335547031129
---------------------------------------------------------------------- TrapeziumMethod ----------------------------------------------------------------------
+-----------+------+--------------------------------------------+---------------------------------------------+
| iteration |  tk  |                     xK                     |                     xK+1                    |
+-----------+------+--------------------------------------------+---------------------------------------------+
|    100    | 1.0  | [1.3847182096223978, -0.2873246942748337]  |  [1.3817758003294005, -0.3011571643245927]  |
|    200    | 2.0  |  [0.506402051689456, -1.3204381704739867]  |  [0.49317268061640845, -1.3254360441355162] |
|    300    | 3.0  | [-0.8374907152556993, -1.1395654004314504] |  [-0.8488442108868602, -1.1311337258007375] |
|    400    | 4.0  | [-1.4114101260757603, 0.08900256182147778] |  [-1.4104495539655446, 0.10311186022168432] |
|    500    | 5.0  |  [-0.687705370027665, 1.2357432273879077]  |  [-0.6753138622729783, 1.2425583235494109]  |
|    600    | 6.0  |  [0.6682628871432807, 1.246364599010623]   |   [0.6806928092409773, 1.2396198205287017]  |
|    700    | 7.0  | [1.4098426996250715, 0.11110158555963394]  |  [1.4108831973332439, 0.09699795607484236]  |
|    800    | 8.0  | [0.8552394079069005, -1.1263061551651976]  |  [0.8439338670233751, -1.1348020215398489]  |
|    900    | 9.0  | [-0.4856550571951537, -1.3282090066780692] |  [-0.4989125330721777, -1.3232861687267325] |
|    1000   | 10.0 | [-1.3800473133819637, -0.3089812499605594] | [-1.3830680479975348, -0.29516567315366193] |
+-----------+------+--------------------------------------------+---------------------------------------------+
TrapeziumMethod error: 0.07551070478518182
---------------------------------------------------------------------- RungeKuttaMethod ----------------------------------------------------------------------
+-----------+------+--------------------------------------------+--------------------------------------------+
| iteration |  tk  |                     xK                     |                    xK+1                    |
+-----------+------+--------------------------------------------+--------------------------------------------+
|    100    | 1.0  |  [1.38471583920486, -0.2873361179045004]   | [1.3817732907001727, -0.30116867882440396] |
|    200    | 2.0  | [0.5063801549002261, -1.3204465679146948]  | [0.49315059049875387, -1.325444263288795]  |
|    300    | 3.0  | [-0.8375191084553867, -1.1395445331200482] | [-0.8488724882560419, -1.1311125048701667] |
|    400    | 4.0  | [-1.4114071660304948, 0.08904948998551634] |  [-1.410446116202006, 0.1031588739738983]  |
|    500    | 5.0  |  [-0.6876539843928394, 1.235771822681999]  | [-0.6752620897152928, 1.2425864598407008]  |
|    600    | 6.0  |  [0.6683250991188847, 1.2463312408309006]  |  [0.6807547878288331, 1.2395857851844914]  |
|    700    | 7.0  | [1.4098491687320815, 0.11101946408643837]  | [1.4108888529987025, 0.09691565644703279]  |
|    800    | 8.0  | [0.8551644146631495, -1.1263630959293873]  |  [0.8438582135666236, -1.134858279863138]  |
|    900    | 9.0  | [-0.4857545583330808, -1.3281726201942492] |  [-0.499011775647401, -1.323248747492407]  |
|    1000   | 10.0 | [-1.3800730306363664, -0.308866362821207]  | [-1.38309263971035, -0.29505041933756837]  |
+-----------+------+--------------------------------------------+--------------------------------------------+
RungeKuttaMethod error: 7.552087526972728e-07
---------------------------------------------------------------------- PredictorCorrectorMethod ----------------------------------------------------------------------
+-----------+------+--------------------------------------------+---------------------------------------------+
| iteration |  tk  |                     xK                     |                     xK+1                    |
+-----------+------+--------------------------------------------+---------------------------------------------+
|    100    | 1.0  |  [1.377886843172434, -0.2858716389797559]  |  [1.3748906239699583, -0.2996205423607391]  |
|    200    | 2.0  |  [0.5014526233487171, -1.307338062703959]  |  [0.48833040479740536, -1.3122213536785525] |
|    300    | 3.0  | [-0.8249775904677941, -1.1227147612788861] |  [-0.8361211176067749, -1.1143535388756707] |
|    400    | 4.0  | [-1.3835360626969393, 0.08710629711334544] |  [-1.3825267332258333, 0.1009315635745408]  |
|    500    | 5.0  | [-0.6709072339357101, 1.2052046906064882]  |  [-0.6587893015109422, 1.2117925715695508]  |
|    600    | 6.0  |  [0.6483611179742148, 1.2096811004108186]  |   [0.6603918831854252, 1.2030771694821534]  |
|    700    | 7.0  |  [1.36139391128675, 0.10752298184869656]   |  [1.3623328941911264, 0.09389965183155548]  |
|    800    | 8.0  |  [0.8219572879172066, -1.082026530378486]  |  [0.8110559089111604, -1.0901370786473323]  |
|    900    | 9.0  | [-0.4640197136634042, -1.2699237062438355] |   [-0.47667127883077, -1.2651569807562908]  |
|    1000   | 10.0 | [-1.3127239709362506, -0.294252387661674]  | [-1.3155349281633861, -0.28109703543751624] |
+-----------+------+--------------------------------------------+---------------------------------------------+
PredictorCorrectorMethod error: 44.56211944143362
---------------------------------------------------------------------- PredictorCorrectorMethod ----------------------------------------------------------------------
+-----------+------+--------------------------------------------+--------------------------------------------+
| iteration |  tk  |                     xK                     |                    xK+1                    |
+-----------+------+--------------------------------------------+--------------------------------------------+
|    100    | 1.0  |  [1.384711269447924, -0.287359000666383]   | [1.3817684438777877, -0.3011917454108289]  |
|    200    | 2.0  | [0.5063364868573723, -1.3204636901775006]  | [0.49310653313125447, -1.3254610318615654] |
|    300    | 3.0  | [-0.8375762063440856, -1.1395032222713575] |  [-0.848929359756482, -1.131070485046803]  |
|    400    | 4.0  | [-1.4114019452072817, 0.08914339047901984] |  [-1.410439941205231, 0.1032529527615687]  |
|    500    | 5.0  |  [-0.6875516384237634, 1.235829777721168]  | [-0.6751589630646305, 1.2426435026165195]  |
|    600    | 6.0  |  [0.6684500185843124, 1.2462654483122242]  |  [0.6808792505665054, 1.2395186348539655]  |
|    700    | 7.0  | [1.4098633244837075, 0.11085531687201738]  | [1.4109013844862035, 0.09675114086133671]  |
|    800    | 8.0  | [0.8550152707634164, -1.1264780875655518]  | [0.8437077391242227, -1.1349719163688077]  |
|    900    | 9.0  | [-0.4859540985292161, -1.3281013173428062] | [-0.4992108139977177, -1.323175371291647]  |
|    1000   | 10.0 | [-1.3801261599124472, -0.3086369675388002] | [-1.3831435232798397, -0.2948202740912988] |
+-----------+------+--------------------------------------------+--------------------------------------------+
PredictorCorrectorMethod error: 0.15103998615474723
###################################################################### SECOND TASK ######################################################################
---------------------------------------------------------------------- DirectEulerMethod ----------------------------------------------------------------------
+-----------+-----+---------------------------------------------+---------------------------------------------+
| iteration |  tk |                      xK                     |                     xK+1                    |
+-----------+-----+---------------------------------------------+---------------------------------------------+
|     1     | 0.1 |                   [1, -2]                   |          [0.8, -1.5999999999999979]         |
|     2     | 0.2 |          [0.8, -1.5999999999999979]         |  [0.6400000000000002, -1.2800000000000171]  |
|     3     | 0.3 |  [0.6400000000000002, -1.2800000000000171]  |  [0.5119999999999985, -1.0239999999998446]  |
|     4     | 0.4 |  [0.5119999999999985, -1.0239999999998446]  |   [0.409600000000014, -0.8192000000013984]  |
|     5     | 0.5 |   [0.409600000000014, -0.8192000000013984]  |  [0.3276799999998742, -0.6553599999874153]  |
|     6     | 0.6 |  [0.3276799999998742, -0.6553599999874153]  |  [0.26214400000113264, -0.5242880001132626] |
|     7     | 0.7 |  [0.26214400000113264, -0.5242880001132626] |  [0.20971519998980637, -0.4194303989806363] |
|     8     | 0.8 |  [0.20971519998980637, -0.4194303989806363] | [0.16777216009174273, -0.33554432917427324] |
|     9     | 0.9 | [0.16777216009174273, -0.33554432917427324] |  [0.1342177271743154, -0.26843537343154056] |
|     10    | 1.0 |  [0.1342177271743154, -0.26843537343154056] |  [0.10737418983116134, -0.214749107916135]  |
+-----------+-----+---------------------------------------------+---------------------------------------------+
---------------------------------------------------------------------- ReverseEulerMethod ----------------------------------------------------------------------
+-----------+-----+---------------------------------------------+---------------------------------------------+
| iteration |  tk |                      xK                     |                     xK+1                    |
+-----------+-----+---------------------------------------------+---------------------------------------------+
|     1     | 0.1 |                   [1, -2]                   |  [0.8333333333333335, -1.6666666666666667]  |
|     2     | 0.2 |  [0.8333333333333335, -1.6666666666666667]  |   [0.6944444444444446, -1.388888888888889]  |
|     3     | 0.3 |   [0.6944444444444446, -1.388888888888889]  |   [0.578703703703704, -1.1574074074074079]  |
|     4     | 0.4 |   [0.578703703703704, -1.1574074074074079]  |  [0.48225308641975345, -0.9645061728395068] |
|     5     | 0.5 |  [0.48225308641975345, -0.9645061728395068] |  [0.4018775720164613, -0.8037551440329225]  |
|     6     | 0.6 |  [0.4018775720164613, -0.8037551440329225]  |  [0.33489797668038446, -0.6697959533607688] |
|     7     | 0.7 |  [0.33489797668038446, -0.6697959533607688] |  [0.2790816472336538, -0.5581632944673074]  |
|     8     | 0.8 |  [0.2790816472336538, -0.5581632944673074]  | [0.23256803936137824, -0.46513607872275636] |
|     9     | 0.9 | [0.23256803936137824, -0.46513607872275636] |  [0.19380669946781523, -0.3876133989356304] |
|     10    | 1.0 |  [0.19380669946781523, -0.3876133989356304] |  [0.16150558288984604, -0.323011165779692]  |
+-----------+-----+---------------------------------------------+---------------------------------------------+
---------------------------------------------------------------------- TrapeziumMethod ----------------------------------------------------------------------
+-----------+-----+---------------------------------------------+---------------------------------------------+
| iteration |  tk |                      xK                     |                     xK+1                    |
+-----------+-----+---------------------------------------------+---------------------------------------------+
|     1     | 0.1 |                   [1, -2]                   |  [0.8181818181818181, -1.6363636363636358]  |
|     2     | 0.2 |  [0.8181818181818181, -1.6363636363636358]  |   [0.6694214876033058, -1.338842975206611]  |
|     3     | 0.3 |   [0.6694214876033058, -1.338842975206611]  |  [0.5477084898572502, -1.0954169797145004]  |
|     4     | 0.4 |  [0.5477084898572502, -1.0954169797145004]  |  [0.44812512806502286, -0.8962502561300454] |
|     5     | 0.5 |  [0.44812512806502286, -0.8962502561300454] |  [0.3666478320532005, -0.7332956641064009]  |
|     6     | 0.6 |  [0.3666478320532005, -0.7332956641064009]  |  [0.29998458986170945, -0.5999691797234188] |
|     7     | 0.7 |  [0.29998458986170945, -0.5999691797234188] |  [0.24544193715958046, -0.4908838743191608] |
|     8     | 0.8 |  [0.24544193715958046, -0.4908838743191608] | [0.20081613040329307, -0.40163226080658615] |
|     9     | 0.9 | [0.20081613040329307, -0.40163226080658615] |  [0.16430410669360343, -0.3286082133872068] |
|     10    | 1.0 |  [0.16430410669360343, -0.3286082133872068] |  [0.1344306327493119, -0.2688612654986237]  |
+-----------+-----+---------------------------------------------+---------------------------------------------+
---------------------------------------------------------------------- RungeKuttaMethod ----------------------------------------------------------------------
+-----------+-----+--------------------------------------------+--------------------------------------------+
| iteration |  tk |                     xK                     |                    xK+1                    |
+-----------+-----+--------------------------------------------+--------------------------------------------+
|     1     | 0.1 |                  [1, -2]                   | [0.8187333333333334, -1.6374666666666726]  |
|     2     | 0.2 | [0.8187333333333334, -1.6374666666666726]  | [0.6703242711111277, -1.3406485422238792]  |
|     3     | 0.3 | [0.6703242711111277, -1.3406485422238792]  | [0.5488168249058593, -1.0976336502842932]  |
|     4     | 0.4 | [0.5488168249058593, -1.0976336502842932]  | [0.4493346298439001, -0.8986693972070536]  |
|     5     | 0.5 | [0.4493346298439001, -0.8986693972070536]  | [0.36788564647328936, -0.7358113110493399] |
|     6     | 0.6 | [0.36788564647328936, -0.7358113110493399] | [0.30131873655877717, -0.6142827410210671] |
|     7     | 0.7 | [0.30131873655877717, -0.6142827410210671] | [0.28118172001645425, -3.9511363999551214] |
|     8     | 0.8 | [0.28118172001645425, -3.9511363999551214] | [10.264482540329805, -1006.6618964180233]  |
|     9     | 0.9 | [10.264482540329805, -1006.6618964180233]  |  [2928.3763547928324, -292821.4357287586]  |
|     10    | 1.0 |  [2928.3763547928324, -292821.4357287586]  |  [852109.5512434193, -85210941.86106618]   |
+-----------+-----+--------------------------------------------+--------------------------------------------+
---------------------------------------------------------------------- PredictorCorrectorMethod ----------------------------------------------------------------------
+-----------+-----+--------------------------------------------+--------------------------------------------+
| iteration |  tk |                     xK                     |                    xK+1                    |
+-----------+-----+--------------------------------------------+--------------------------------------------+
|     1     | 0.1 |                  [1, -2]                   | [0.8319999999999979, -1.6639999999997883]  |
|     2     | 0.2 | [0.8319999999999979, -1.6639999999997883]  | [0.6922240000019223, -1.3844480001922335]  |
|     3     | 0.3 | [0.6922240000019223, -1.3844480001922335]  |  [0.575930366252597, -1.1518605612596957]  |
|     4     | 0.4 |  [0.575930366252597, -1.1518605612596957]  | [0.4791756545653642, -0.9585069712884178]  |
|     5     | 0.5 | [0.4791756545653642, -0.9585069712884178]  | [0.39722897712639277, -0.6529610529129399] |
|     6     | 0.6 | [0.39722897712639277, -0.6529610529129399] | [1.6441517410082849, -131.90898679993617]  |
|     7     | 0.7 | [1.6441517410082849, -131.90898679993617]  |  [-1192.746489675047, 119301.69411533905]  |
|     8     | 0.8 |  [-1192.746489675047, 119301.69411533905]  | [1084457.6462671119, -108445742.12514819]  |
|     9     | 0.9 | [1084457.6462671119, -108445742.12514819]  |  [-985771791.5522943, 98577179173.95071]   |
|     10    | 1.0 |  [-985771791.5522943, 98577179173.95071]   |  [896066558694.8442, -89606655869468.84]   |
+-----------+-----+--------------------------------------------+--------------------------------------------+
---------------------------------------------------------------------- PredictorCorrectorMethod ----------------------------------------------------------------------
+-----------+-----+---------------------------------------------+---------------------------------------------+
| iteration |  tk |                      xK                     |                     xK+1                    |
+-----------+-----+---------------------------------------------+---------------------------------------------+
|     1     | 0.1 |                   [1, -2]                   |  [0.8200000000000001, -1.6400000000000106]  |
|     2     | 0.2 |  [0.8200000000000001, -1.6400000000000106]  |  [0.6724000000000043, -1.3448000000004399]  |
|     3     | 0.3 |  [0.6724000000000043, -1.3448000000004399]  |  [0.5513680000001804, -1.1027360000180486]  |
|     4     | 0.4 |  [0.5513680000001804, -1.1027360000180486]  |    [0.4521217600074, -0.9042435207400089]   |
|     5     | 0.5 |    [0.4521217600074, -0.9042435207400089]   |  [0.3707398435034036, -0.7414797167403705]  |
|     6     | 0.6 |  [0.3707398435034036, -0.7414797167403705]  |  [0.30400668386355195, -0.6080145868032041] |
|     7     | 0.7 |  [0.30400668386355195, -0.6080145868032041] |  [0.24928598058931373, -0.4986219432987394] |
|     8     | 0.8 |  [0.24928598058931373, -0.4986219432987394] |  [0.2044349967524832, -0.41091926042955934] |
|     9     | 0.9 |  [0.2044349967524832, -0.41091926042955934] | [0.16847689677611938, -0.42097373746055383] |
|     10    | 1.0 | [0.16847689677611938, -0.42097373746055383] |  [0.17259923235882707, -3.790016164958573]  |
+-----------+-----+---------------------------------------------+---------------------------------------------+
###################################################################### THIRD TASK ######################################################################
---------------------------------------------------------------------- DirectEulerMethod ----------------------------------------------------------------------
+-----------+------+----------------------------------------------+----------------------------------------------+
| iteration |  tk  |                      xK                      |                     xK+1                     |
+-----------+------+----------------------------------------------+----------------------------------------------+
|    100    | 1.0  |  [-0.33348104296857295, 1.0362485946811508]  |  [-0.3342060148621959, 1.0318263264110306]   |
|    200    | 2.0  |  [-0.21682535693940364, 0.9185076479676266]  |  [-0.2151955098987562, 0.9187841649592039]   |
|    300    | 3.0  |  [-0.0919321898020035, 0.9576040668356587]   |  [-0.09108427113871667, 0.9579566229325689]  |
|    400    | 4.0  |  [-0.03531679746201355, 0.9828150745329821]  | [-0.034973098952673184, 0.9829774543223725]  |
|    500    | 5.0  | [-0.013148119487993003, 0.9934887320700017]  | [-0.013017894129393037, 0.9935525889130217]  |
|    600    | 6.0  | [-0.004841949783938971, 0.9975873525305171]  | [-0.004793696834549312, 0.9976113124567622]  |
|    700    | 7.0  | [-0.0017761976694978601, 0.9991130055443229] | [-0.0017584577803843177, 0.9991218534012982] |
|    800    | 8.0  | [-0.0006506613439209302, 0.9996748157903017] | [-0.0006441576597269634, 0.9996780647031533] |
|    900    | 9.0  | [-0.00023823146742062845, 0.99988090369005]  | [-0.0002358495412216298, 0.9998820942646743] |
|    1000   | 10.0 | [-8.720948929295466e-05, 0.9999563978313243] | [-8.633744591943909e-05, 0.9999568338014916] |
+-----------+------+----------------------------------------------+----------------------------------------------+
---------------------------------------------------------------------- ReverseEulerMethod ----------------------------------------------------------------------
+-----------+------+-----------------------------------------------+-----------------------------------------------+
| iteration |  tk  |                       xK                      |                      xK+1                     |
+-----------+------+-----------------------------------------------+-----------------------------------------------+
|    100    | 1.0  |   [-0.32443576927972234, 1.0489725551726947]  |   [-0.3253235230650047, 1.0443876892641213]   |
|    200    | 2.0  |   [-0.21780400255192842, 0.9202492417751594]  |   [-0.2162134609434959, 0.9204729195783733]   |
|    300    | 3.0  |   [-0.09403199950057313, 0.9570078328255629]  |   [-0.0931791071074564, 0.9573553803441635]   |
|    400    | 4.0  |  [-0.036629153472839224, 0.9822408448135321]  |   [-0.03627727137768885, 0.9824058952424808]  |
|    500    | 5.0  |  [-0.013799566917035242, 0.9931768830260678]  |  [-0.013664425922216717, 0.9932429502590734]  |
|    600    | 6.0  |  [-0.005137378527732505, 0.9974418932384855]  |  [-0.005086718839384774, 0.9974670155826133]  |
|    700    | 7.0  |  [-0.0019042499148298163, 0.9990493357767852] |  [-0.0018854243135414638, 0.9990587199355824] |
|    800    | 8.0  |  [-0.0007046993852616486, 0.9996478519368448] |  [-0.0006977260780007752, 0.9996513346369561] |
|    900    | 9.0  | [-0.00026062869037896813, 0.9998697134863251] | [-0.00025804874860885577, 0.9998710029114942] |
|    1000   | 10.0 |  [-9.637024500095889e-05, 0.9999518187191663] |  [-9.541615874035861e-05, 0.9999522956869697] |
+-----------+------+-----------------------------------------------+-----------------------------------------------+
---------------------------------------------------------------------- TrapeziumMethod ----------------------------------------------------------------------
+-----------+------+----------------------------------------------+-----------------------------------------------+
| iteration |  tk  |                      xK                      |                      xK+1                     |
+-----------+------+----------------------------------------------+-----------------------------------------------+
|    100    | 1.0  |   [-0.328966877476471, 1.042606748004541]    |   [-0.32977396902106804, 1.0381024064551578]  |
|    200    | 2.0  |  [-0.21733683595317965, 0.919356322611335]   |   [-0.21572646480755275, 0.9196065628259718]  |
|    300    | 3.0  |  [-0.09298740075166899, 0.9572987829734421]  |   [-0.09213687803790482, 0.9576489456501405]  |
|    400    | 4.0  |  [-0.0359717528302283, 0.9825273461750977]   |  [-0.035623937203627574, 0.9826910911648296]  |
|    500    | 5.0  | [-0.013471857995287995, 0.9933335234963674]  |  [-0.013339178111664352, 0.9933984881412681]  |
|    600    | 6.0  | [-0.004988280661152401, 0.9975152584157307]  |  [-0.0049388312155571115, 0.9975397970247402] |
|    700    | 7.0  | [-0.0018394419685489848, 0.9990815509129177] |  [-0.0018211641241684118, 0.999090664649025]  |
|    800    | 8.0  | [-0.0006772788039645684, 0.9996615327191083] |  [-0.0006705431027693269, 0.9996648971613675] |
|    900    | 9.0  | [-0.0002492349251478308, 0.9998754058299294] | [-0.00024675543458684696, 0.9998766451139722] |
|    1000   | 10.0 | [-9.169847425406774e-05, 0.9999541539149605] |  [-9.078611373171397e-05, 0.9999546100328041] |
+-----------+------+----------------------------------------------+-----------------------------------------------+
---------------------------------------------------------------------- RungeKuttaMethod ----------------------------------------------------------------------
+-----------+------+----------------------------------------------+----------------------------------------------+
| iteration |  tk  |                      xK                      |                     xK+1                     |
+-----------+------+----------------------------------------------+----------------------------------------------+
|    100    | 1.0  |  [-0.3289456690613453, 1.0426310219916115]   |  [-0.3297530315939901, 1.0381264096083649]   |
|    200    | 2.0  |  [-0.21733393262108985, 0.9193614928472921]  |  [-0.2157236495545354, 0.9196116337048217]   |
|    300    | 3.0  |  [-0.09298839453425908, 0.9572990422019674]  |  [-0.09213788017034043, 0.9576491882100743]  |
|    400    | 4.0  |  [-0.03597270997339053, 0.9825270041526312]  | [-0.035624889895157996, 0.9826907489997323]  |
|    500    | 5.0  | [-0.013472377780746076, 0.9933332867143381]  | [-0.013339694212698955, 0.9933982527892173]  |
|    600    | 6.0  | [-0.0049885231015903125, 0.9975151409498718] |  [-0.0049390717184723, 0.9975396804594436]   |
|    700    | 7.0  | [-0.0018395480842318935, 0.9990814984479784] | [-0.0018212693459770139, 0.9990906126201139] |
|    800    | 8.0  | [-0.0006773237415661632, 0.9996615103420247] | [-0.0006705876507244981, 0.9996648749774034] |
|    900    | 9.0  | [-0.0002492535737250435, 0.9998753965196066] | [-0.0002467739184196043, 0.9998766358857603] |
|    1000   | 10.0 | [-9.17061049862664e-05, 0.9999541501016944]  | [-9.079367614032843e-05, 0.9999546062536603] |
+-----------+------+----------------------------------------------+----------------------------------------------+
---------------------------------------------------------------------- PredictorCorrectorMethod ----------------------------------------------------------------------
+-----------+------+-----------------------------------------------+----------------------------------------------+
| iteration |  tk  |                       xK                      |                     xK+1                     |
+-----------+------+-----------------------------------------------+----------------------------------------------+
|    100    | 1.0  |   [-0.32444172039227925, 1.0489662343860717]  |  [-0.3253294091728943, 1.0443814334451962]   |
|    200    | 2.0  |    [-0.21780530942231, 0.9202476601790918]    |  [-0.21621474326699897, 0.9204713638823794]  |
|    300    | 3.0  |   [-0.09403207927395163, 0.957007600443312]   |  [-0.09317918260557895, 0.9573551532428041]  |
|    400    | 4.0  |   [-0.0366290738045164, 0.9822408491907103]   | [-0.036277191610386776, 0.9824059002772642]  |
|    500    | 5.0  |   [-0.01379950953385336, 0.9931769055968503]  | [-0.013664368874261047, 0.9932429727702335]  |
|    600    | 6.0  |  [-0.0051373496565052905, 0.9974419066599208] | [-0.005086690186567631, 0.9974670289130696]  |
|    700    | 7.0  |  [-0.0019042369104666035, 0.9990493421156074] | [-0.001885411416338374, 0.9990587262237984]  |
|    800    | 8.0  |  [-0.0007046938030631923, 0.9996478547021699] | [-0.0006977205436533242, 0.9996513373788294] |
|    900    | 9.0  | [-0.00026062635484327225, 0.9998697146500906] | [-0.0002580464335472902, 0.9998710040650967] |
|    1000   | 10.0 |  [-9.636928341836072e-05, 0.9999518191993436] | [-9.54152057134341e-05, 0.9999522961628807]  |
+-----------+------+-----------------------------------------------+----------------------------------------------+
---------------------------------------------------------------------- PredictorCorrectorMethod ----------------------------------------------------------------------
+-----------+------+----------------------------------------------+----------------------------------------------+
| iteration |  tk  |                      xK                      |                     xK+1                     |
+-----------+------+----------------------------------------------+----------------------------------------------+
|    100    | 1.0  |  [-0.32890251874995313, 1.0426803495053785]  |  [-0.3297104313833341, 1.0381751873328569]   |
|    200    | 2.0  |  [-0.21732796807810448, 0.9193720253143456]  |  [-0.21571786417998928, 0.9196219642782059]  |
|    300    | 3.0  |  [-0.09299037359106882, 0.9572995880566121]  |  [-0.09213987643842497, 0.9576497000908615]  |
|    400    | 4.0  |  [-0.0359746344217829, 0.9825263192341875]   |  [-0.03562680544725422, 0.9826900637198394]  |
|    500    | 5.0  | [-0.013473424479196005, 0.9933328103033703]  | [-0.013340733499724481, 0.9933977792467553]  |
|    600    | 6.0  | [-0.0049890115350001065, 0.9975149043591119] | [-0.004939556249721112, 0.9975394456812445]  |
|    700    | 7.0  |  [-0.001839761906772838, 0.999081392741146]  | [-0.001821481367582737, 0.9990905077915894]  |
|    800    | 8.0  | [-0.0006774142968799722, 0.9996614652507025] | [-0.0006706774208891252, 0.9996648302751949] |
|    900    | 9.0  | [-0.0002492911543753924, 0.9998753777576571] | [-0.00024681116708580043, 0.999876617289272] |
|    1000   | 10.0 | [-9.172148276473673e-05, 0.9999541424170729] | [-9.080891623279579e-05, 0.9999545986378015] |
+-----------+------+----------------------------------------------+----------------------------------------------+
###################################################################### FOURTH TASK ######################################################################
---------------------------------------------------------------------- DirectEulerMethod ----------------------------------------------------------------------
+-----------+-----+---------------------------------------------+---------------------------------------------+
| iteration |  tk |                      xK                     |                     xK+1                    |
+-----------+-----+---------------------------------------------+---------------------------------------------+
|     10    | 0.1 |   [-2.12577218308476, 1.4618504647643262]   |  [-2.2151224281538235, 1.3412632103999755]  |
|     20    | 0.2 |   [-2.8018345533632387, 0.556033753877917]  |   [-2.847654586590767, 0.4950930455728304]  |
|     30    | 0.3 |  [-3.1398157195380967, 0.1038344348374769]  |  [-3.1614055984753513, 0.07416786720347253] |
|     40    | 0.4 | [-3.2858982232187883, -0.10998025003162422] | [-3.2932581929493954, -0.12314061476159839] |
|     50    | 0.5 |  [-3.315697039353463, -0.19742217819722674] |  [-3.313982900837136, -0.2017595961169555]  |
|     60    | 0.6 |  [-3.268063075948471, -0.2167492135518918]  |  [-3.259906246030361, -0.2162573993627441]  |
|     70    | 0.7 |  [-3.162685659963967, -0.19822476890808202] |  [-3.149401278118203, -0.19497589168415597] |
|     80    | 0.8 | [-3.0092584058771443, -0.15753190093217617] |  [-2.9914743948893068, -0.1525972519256953] |
|     90    | 0.9 | [-2.8122517387139947, -0.10275855950572571] | [-2.7902363281258484, -0.09668797772746485] |
|    100    | 1.0 |  [-2.5733975854454934, -0.038035044043806]  |  [-2.547229809097758, -0.03110656681519451] |
+-----------+-----+---------------------------------------------+---------------------------------------------+
---------------------------------------------------------------------- ReverseEulerMethod ----------------------------------------------------------------------
+-----------+-----+---------------------------------------------+----------------------------------------------+
| iteration |  tk |                      xK                     |                     xK+1                     |
+-----------+-----+---------------------------------------------+----------------------------------------------+
|     10    | 0.1 |   [-2.07407727675086, 1.5339013244654804]   |   [-2.16100939077816, 1.4164404023903727]    |
|     20    | 0.2 |   [-2.740979942579498, 0.637248955054591]   |   [-2.787121142019996, 0.5753997604059728]   |
|     30    | 0.3 |  [-3.0859410853367377, 0.17032735184585296] |  [-3.1084670021726755, 0.13882493628423007]  |
|     40    | 0.4 |   [-3.241125402897887, -0.061596503996962]  |  [-3.249296429421486, -0.07643875541231482]  |
|     50    | 0.5 |  [-3.27767170688868, -0.16399788315218874]  |  [-3.276456720337118, -0.16959107509865412]  |
|     60    | 0.6 | [-3.2336277506448794, -0.19397342311922028] |  [-3.2256680713663517, -0.1943271998438166]  |
|     70    | 0.7 |  [-3.129090007781733, -0.1823969726797267]  | [-3.1157637853297486, -0.17967720610563007]  |
|     80    | 0.8 | [-2.9744086946578974, -0.14592768070297457] | [-2.9564077366001142, -0.14130070847567822]  |
|     90    | 0.9 |  [-2.774634234029431, -0.09351813955285769] | [-2.7522765837269754, -0.08760832279451161]  |
|    100    | 1.0 |  [-2.531926614306707, -0.02994163183408773] | [-2.5053259065073337, -0.023079337288935575] |
+-----------+-----+---------------------------------------------+----------------------------------------------+
---------------------------------------------------------------------- TrapeziumMethod ----------------------------------------------------------------------
+-----------+-----+---------------------------------------------+---------------------------------------------+
| iteration |  tk |                      xK                     |                     xK+1                    |
+-----------+-----+---------------------------------------------+---------------------------------------------+
|     10    | 0.1 |  [-2.0993727229118777, 1.4986865469328439]  |   [-2.187515828740367, 1.3796599758762635]  |
|     20    | 0.2 |  [-2.7710648400203994, 0.5971487969133065]  |   [-2.817076971415003, 0.535708096583733]   |
|     30    | 0.3 |  [-3.112827074071109, 0.13716622240304327]  |  [-3.1349085970268553, 0.10654756160719511] |
|     40    | 0.4 |  [-3.263639565464012, -0.08596092072899983] |  [-3.271416363924847, -0.09997832671539045] |
|     50    | 0.5 |  [-3.2968829471472474, -0.1809816568022891] |  [-3.295421162522822, -0.18595055010875294] |
|     60    | 0.6 | [-3.2510493537366156, -0.20563584932703427] |  [-3.242989550839765, -0.20556404746228982] |
|     70    | 0.7 | [-3.1460677342552237, -0.19054485561859244] |  [-3.132759361358528, -0.18755547937199077] |
|     80    | 0.8 |  [-2.991981778386387, -0.15191161548651352] |  [-2.974086186549285, -0.14712565098469943] |
|     90    | 0.9 |  [-2.793562510153657, -0.09827188435795939] | [-2.7713734593595936, -0.09227734130724352] |
|    100    | 1.0 |  [-2.5527597518083516, -0.034083079802862]  | [-2.5263737325871483, -0.02718438592438582] |
+-----------+-----+---------------------------------------------+---------------------------------------------+
---------------------------------------------------------------------- RungeKuttaMethod ----------------------------------------------------------------------
+-----------+-----+---------------------------------------------+---------------------------------------------+
| iteration |  tk |                      xK                     |                     xK+1                    |
+-----------+-----+---------------------------------------------+---------------------------------------------+
|     10    | 0.1 |   [-2.09911568544098, 1.4990636249866773]   |  [-2.1872477676815323, 1.3800532937762917]  |
|     20    | 0.2 |    [-2.77077710323758, 0.597571916585026]   |  [-2.8167927393260945, 0.5361262034531971]  |
|     30    | 0.3 |  [-3.112594775379935, 0.13750940766377334]  |  [-3.1346831638769403, 0.10688082333737912] |
|     40    | 0.4 |  [-3.26347512912324, -0.08571577621417006]  |  [-3.271258261655327, -0.09974232038539463] |
|     50    | 0.5 |  [-3.296775251154782, -0.18081819998177362] | [-3.2953182869961966, -0.18579400858032677] |
|     60    | 0.6 |  [-3.250983075209314, -0.20553157618808335] | [-3.2429266351099346, -0.20546454819747031] |
|     70    | 0.7 |  [-3.146029739625004, -0.19048046196290386] |  [-3.13272360901057, -0.18749421114169224]  |
|     80    | 0.8 |  [-2.9919624501105306, -0.1518729381743713] |   [-2.9740683228001, -0.14708895180572445]  |
|     90    | 0.9 | [-2.7935553512314253, -0.09824932241680567] |  [-2.771367256445969, -0.09225600375939601] |
|    100    | 1.0 | [-2.5527605902957236, -0.03407043019631474] | [-2.5263752080449438, -0.02717248379415163] |
+-----------+-----+---------------------------------------------+---------------------------------------------+
---------------------------------------------------------------------- PredictorCorrectorMethod ----------------------------------------------------------------------
+-----------+-----+----------------------------------------------+----------------------------------------------+
| iteration |  tk |                      xK                      |                     xK+1                     |
+-----------+-----+----------------------------------------------+----------------------------------------------+
|     10    | 0.1 |   [-2.074275878829004, 1.5336107411354711]   |  [-2.1612169493127946, 1.4161367169865604]   |
|     20    | 0.2 |   [-2.741207191722973, 0.6369164942638967]   |  [-2.7873461415148113, 0.5750705959792983]   |
|     30    | 0.3 |  [-3.086129104725173, 0.17005234214147327]   |  [-3.1086499535129137, 0.13855734745548112]  |
|     40    | 0.4 | [-3.2412624966817103, -0.061796944954797844] | [-3.2494286916423514, -0.07663212125874766]  |
|     50    | 0.5 |  [-3.277765134194735, -0.16413437485777224]  | [-3.2765464002269553, -0.16972207784742183]  |
|     60    | 0.6 |  [-3.2336888151822887, -0.1940625034636981]  | [-3.2257264941787813, -0.19441240889820705]  |
|     70    | 0.7 |  [-3.1291288300326063, -0.1824534479612611]  | [-3.1158008459412083, -0.17973109761431685]  |
|     80    | 0.8 |  [-2.974432924744968, -0.14596274212756294]  |  [-2.956430834277563, -0.14133410654542636]  |
|     90    | 0.9 | [-2.7746491920316463, -0.09353956855511744]  |  [-2.752290832914027, -0.08762870793223809]  |
|    100    | 1.0 |  [-2.531935820380156, -0.02995457580965967]  | [-2.5053346781546777, -0.023091638537218823] |
+-----------+-----+----------------------------------------------+----------------------------------------------+
---------------------------------------------------------------------- PredictorCorrectorMethod ----------------------------------------------------------------------
+-----------+-----+---------------------------------------------+---------------------------------------------+
| iteration |  tk |                      xK                     |                     xK+1                    |
+-----------+-----+---------------------------------------------+---------------------------------------------+
|     10    | 0.1 |   [-2.09857706980987, 1.4998536875916906]   |  [-2.1866860289422037, 1.3808774099958183]  |
|     20    | 0.2 |  [-2.7701738850101343, 0.5984587455661046]  |  [-2.8161968382431897, 0.5370025559321244]  |
|     30    | 0.3 |  [-3.1121074983505608, 0.13822895041039684] |  [-3.1342102559293004, 0.1075795848385715]  |
|     40    | 0.4 |  [-3.263129918608652, -0.08520160109748928] | [-3.2709263141577885, -0.09924729275358343] |
|     50    | 0.5 |  [-3.296548859259686, -0.18047521774339206] | [-3.2951019900198766, -0.18546552191520904] |
|     60    | 0.6 |  [-3.250843414896295, -0.20531267014254878] |  [-3.242794015860365, -0.20525565223137804] |
|     70    | 0.7 |  [-3.145949288083721, -0.1903451866606913]  | [-3.1326478495538983, -0.18736549109950854] |
|     80    | 0.8 | [-2.9919210407545522, -0.15179160467298816] |  [-2.974029974127307, -0.14701176797147872] |
|     90    | 0.9 |  [-2.793539352493691, -0.09820179625106598] |  [-2.771353251029953, -0.09221104618443252] |
|    100    | 1.0 | [-2.5527612425392014, -0.03404369738396816] | [-2.526377183392963, -0.027147318753965373] |
+-----------+-----+---------------------------------------------+---------------------------------------------+
